16/12/2006;17:24:00;4.216;0.418;234.840;18.400;0.000;1.000;17.000
16/12/2006;17:25:00;5.360;0.436;233.630;23.000;0.000;1.000;16.000
17/12/2006;17:26:00;5.374;0.498;233.290;23.000;0.000;2.000;17.000
17/12/2006;18:00:00;2.790;0.180;237.520;11.800;0.000;0.000;18.000
18/12/2006;18:01:00;2.624;0.144;238.200;11.000;0.000;0.000;17.000
18/12/2006;18:02:00;2.772;0.118;238.280;11.600;0.000;0.000;17.000
19/12/2006;19:00:00;4.070;0.088;231.990;17.400;0.000;1.000;17.000
19/12/2006;19:01:00;3.612;0.090;232.360;15.600;0.000;2.000;16.000
19/12/2006;19:02:00;3.458;0.090;232.710;14.800;0.000;1.000;17.000
20/12/2006;05:47:00;2.324;0.000;242.600;9.600;0.000;0.000;0.000
20/12/2006;05:48:00;1.852;0.000;243.740;8.400;0.000;0.000;0.000
21/12/2006;05:49:00;0.226;0.000;247.080;1.000;0.000;0.000;0.000
21/12/2006;07:33:00;0.268;0.076;242.220;1.200;0.000;0.000;0.000
21/12/2006;07:34:00;1.734;0.000;242.550;8.000;0.000;0.000;0.000
3/8/2007;20:32:00;0.138;0.000;234.850;0.600;0.000;0.000;0.000
3/8/2007;20:33:00;0.138;0.000;234.320;0.600;0.000;0.000;0.000
3/8/2007;20:34:00;0.138;0.000;234.670;0.600;0.000;0.000;0.000
3/8/2007;20:35:00;0.138;0.000;235.060;0.600;0.000;0.000;0.000
3/8/2007;20:36:00;0.138;0.000;234.990;0.600;0.000;0.000;0.000
3/8/2007;20:37:00;0.138;0.000;235.130;0.600;0.000;0.000;0.000
3/8/2007;20:38:00;0.138;0.000;235.130;0.600;0.000;0.000;0.000
3/8/2007;20:39:00;0.216;0.076;234.910;1.200;0.000;0.000;0.000
3/8/2007;20:40:00;0.214;0.094;235.000;1.000;0.000;0.000;0.000
3/8/2007;20:41:00;0.234;0.102;234.950;1.200;0.000;0.000;0.000
3/8/2007;20:42:00;0.324;0.214;234.290;1.600;0.000;0.000;0.000
3/8/2007;21:23:00;0.238;0.126;236.340;1.200;0.000;0.000;0.000
3/8/2007;21:24:00;0.236;0.124;235.960;1.200;0.000;0.000;0.000
3/8/2007;21:25:00;0.236;0.124;236.060;1.200;0.000;0.000;0.000
3/8/2007;21:26:00;0.234;0.124;235.890;1.200;0.000;0.000;0.000
3/8/2007;21:27:00;0.294;0.180;235.840;1.600;0.000;0.000;0.000
3/8/2007;21:28:00;0.308;0.218;235.280;1.600;0.000;0.000;0.000
3/8/2007;21:29:00;0.308;0.214;234.700;1.600;0.000;0.000;0.000
3/8/2007;21:30:00;0.308;0.216;234.940;1.600;0.000;0.000;0.000
3/8/2007;21:31:00;0.308;0.220;235.650;1.600;0.000;0.000;0.000
3/8/2007;21:32:00;0.304;0.218;235.290;1.600;0.000;0.000;0.000
3/8/2007;21:33:00;0.302;0.218;235.180;1.600;0.000;0.000;0.000
3/8/2007;21:34:00;0.300;0.218;235.290;1.600;0.000;0.000;0.000
3/8/2007;21:35:00;0.298;0.218;235.020;1.600;0.000;0.000;0.000
3/8/2007;21:36:00;0.300;0.220;235.600;1.600;0.000;0.000;0.000
3/8/2007;21:37:00;0.274;0.186;235.850;1.400;0.000;0.000;0.000
3/8/2007;21:38:00;0.208;0.094;235.300;1.000;0.000;0.000;0.000
3/8/2007;21:39:00;0.208;0.094;235.230;1.000;0.000;0.000;0.000
3/8/2007;21:40:00;0.206;0.094;235.020;1.000;0.000;0.000;0.000
3/8/2007;21:41:00;0.206;0.094;234.850;1.000;0.000;0.000;0.000
3/8/2007;21:42:00;0.206;0.092;234.710;1.000;0.000;0.000;0.000
3/8/2007;21:43:00;0.166;0.000;234.820;0.800;0.000;0.000;0.000
3/8/2007;21:44:00;0.138;0.000;234.810;0.600;0.000;0.000;0.000
3/8/2007;21:45:00;0.138;0.000;234.720;0.600;0.000;0.000;0.000
3/8/2007;21:46:00;0.138;0.000;234.580;0.600;0.000;0.000;0.000
3/8/2007;21:47:00;0.138;0.000;234.350;0.600;0.000;0.000;0.000
3/8/2007;21:48:00;0.138;0.000;234.830;0.600;0.000;0.000;0.000
3/8/2007;21:49:00;0.138;0.000;235.160;0.600;0.000;0.000;0.000
3/8/2007;21:50:00;0.138;0.000;235.080;0.600;0.000;0.000;0.000
3/8/2007;21:51:00;0.138;0.000;234.440;0.600;0.000;0.000;0.000
3/8/2007;21:52:00;0.138;0.000;234.860;0.600;0.000;0.000;0.000
3/8/2007;21:53:00;0.138;0.000;235.110;0.600;0.000;0.000;0.000
3/8/2007;21:54:00;0.138;0.000;235.670;0.600;0.000;0.000;0.000
3/8/2007;21:55:00;0.140;0.000;235.780;0.600;0.000;0.000;0.000
3/8/2007;21:56:00;0.222;0.078;236.030;1.200;0.000;0.000;0.000
4/8/2007;04:16:00;0.264;0.224;236.470;1.400;0.000;0.000;0.000
4/8/2007;04:17:00;0.264;0.224;236.750;1.400;0.000;0.000;0.000
4/8/2007;04:18:00;0.262;0.224;236.630;1.400;0.000;0.000;0.000
4/8/2007;04:19:00;0.262;0.222;236.060;1.400;0.000;0.000;0.000
4/8/2007;04:20:00;0.206;0.142;236.300;1.000;0.000;0.000;0.000
4/8/2007;04:21:00;0.194;0.124;236.540;1.000;0.000;0.000;0.000
26/12/2007;11:48:00;2.628;0.104;239.190;11.000;0.000;0.000;17.000
26/12/2007;11:49:00;2.634;0.106;239.460;11.000;0.000;0.000;18.000
26/12/2007;11:50:00;2.624;0.104;239.030;11.000;0.000;0.000;18.000
26/12/2007;11:51:00;2.626;0.102;238.870;11.000;0.000;0.000;17.000
26/12/2007;11:52:00;2.620;0.100;238.750;11.000;0.000;0.000;18.000
26/12/2007;11:53:00;2.608;0.098;238.670;11.000;0.000;0.000;17.000
26/12/2007;11:54:00;2.620;0.098;239.010;11.000;0.000;0.000;18.000
26/12/2007;11:55:00;2.648;0.098;239.160;11.200;0.000;0.000;17.000
26/12/2007;11:56:00;2.624;0.100;239.150;11.000;0.000;0.000;18.000
26/12/2007;11:57:00;2.638;0.104;239.660;11.000;0.000;0.000;17.000
26/12/2007;11:58:00;2.632;0.108;240.250;11.000;0.000;0.000;18.000
26/12/2007;11:59:00;2.632;0.110;240.940;11.000;0.000;0.000;18.000
26/12/2007;12:00:00;2.606;0.102;239.720;11.000;0.000;0.000;18.000
26/12/2007;12:01:00;2.512;0.000;239.120;10.600;0.000;0.000;17.000
26/12/2007;12:02:00;2.498;0.000;238.540;10.600;0.000;0.000;18.000
26/12/2007;12:03:00;2.496;0.000;238.450;10.600;0.000;0.000;17.000
26/12/2007;12:04:00;2.490;0.000;237.990;10.600;0.000;0.000;17.000
26/12/2007;12:05:00;2.488;0.000;237.830;10.600;0.000;0.000;18.000
26/12/2007;12:06:00;2.494;0.000;238.440;10.600;0.000;0.000;17.000
26/12/2007;12:07:00;2.494;0.000;238.280;10.600;0.000;0.000;18.000
26/12/2007;12:08:00;2.500;0.000;238.720;10.600;0.000;0.000;17.000
26/12/2007;12:09:00;2.500;0.000;238.580;10.600;0.000;0.000;18.000
26/12/2007;12:10:00;2.508;0.000;238.720;10.600;0.000;0.000;17.000
26/12/2007;12:11:00;2.474;0.000;238.550;10.400;0.000;0.000;18.000
26/12/2007;12:12:00;2.306;0.072;238.910;9.800;0.000;0.000;17.000
26/12/2007;12:13:00;2.306;0.072;238.840;9.800;0.000;0.000;18.000
26/12/2007;12:14:00;2.316;0.074;239.460;9.800;0.000;0.000;17.000
26/12/2007;12:15:00;2.316;0.076;239.680;9.800;0.000;0.000;18.000
26/12/2007;12:16:00;2.324;0.078;240.160;9.800;0.000;0.000;18.000
15/2/2009;12:55:00;1.378;0.076;241.500;5.600;0.000;0.000;17.000
15/2/2009;12:56:00;1.380;0.076;241.670;5.600;0.000;0.000;18.000
15/2/2009;12:57:00;1.328;0.000;242.480;5.400;0.000;0.000;18.000
15/2/2009;12:58:00;1.286;0.058;242.250;5.200;0.000;0.000;18.000
15/2/2009;12:59:00;1.290;0.056;242.800;5.200;0.000;0.000;18.000
15/2/2009;13:00:00;1.292;0.056;242.850;5.200;0.000;0.000;19.000
15/2/2009;13:01:00;1.294;0.056;243.170;5.200;0.000;0.000;18.000
15/2/2009;13:02:00;1.350;0.000;243.520;5.600;0.000;0.000;18.000
15/2/2009;13:03:00;1.378;0.050;243.940;5.600;0.000;0.000;18.000
15/2/2009;13:04:00;1.388;0.052;244.370;5.600;0.000;0.000;18.000
15/2/2009;13:05:00;1.378;0.050;243.440;5.600;0.000;0.000;19.000
15/2/2009;13:06:00;1.378;0.050;243.440;5.600;0.000;0.000;18.000
15/2/2009;13:07:00;1.376;0.050;243.310;5.600;0.000;0.000;18.000
15/2/2009;13:08:00;1.370;0.048;242.860;5.600;0.000;0.000;18.000
15/2/2009;13:09:00;1.364;0.048;242.590;5.600;0.000;0.000;18.000
15/2/2009;13:10:00;1.362;0.048;242.430;5.600;0.000;0.000;18.000
15/2/2009;13:11:00;1.364;0.048;242.680;5.600;0.000;0.000;18.000
15/2/2009;13:12:00;1.360;0.046;242.320;5.600;0.000;0.000;18.000
15/2/2009;13:13:00;1.358;0.046;242.150;5.600;0.000;0.000;18.000
15/2/2009;13:14:00;1.300;0.000;242.360;5.200;0.000;0.000;18.000
19/11/2009;04:41:00;0.398;0.234;243.800;1.800;0.000;1.000;1.000
19/11/2009;04:42:00;0.398;0.234;243.820;1.800;0.000;1.000;1.000
19/11/2009;04:43:00;0.396;0.234;243.820;1.800;0.000;2.000;0.000
19/11/2009;04:44:00;0.396;0.234;243.700;1.800;0.000;1.000;1.000
19/11/2009;04:45:00;0.396;0.236;244.610;1.800;0.000;1.000;1.000
19/11/2009;04:46:00;0.342;0.142;244.270;1.400;0.000;0.000;0.000
19/11/2009;04:47:00;0.232;0.000;244.090;1.000;0.000;0.000;1.000
19/11/2009;04:48:00;0.230;0.000;245.430;0.800;0.000;0.000;1.000
19/11/2009;04:49:00;0.232;0.000;246.200;0.800;0.000;0.000;0.000
19/11/2009;04:50:00;0.232;0.000;246.180;0.800;0.000;0.000;1.000
19/11/2009;04:51:00;0.230;0.000;245.970;0.800;0.000;0.000;1.000
19/11/2009;04:52:00;0.228;0.000;245.090;0.800;0.000;0.000;0.000
19/11/2009;04:53:00;0.230;0.000;246.000;0.800;0.000;0.000;1.000
19/11/2009;04:54:00;0.230;0.000;246.120;0.800;0.000;0.000;1.000
19/11/2009;04:55:00;0.230;0.000;245.650;0.800;0.000;0.000;0.000
19/11/2009;04:56:00;0.230;0.000;245.880;0.800;0.000;0.000;1.000
19/11/2009;04:57:00;0.230;0.000;245.820;0.800;0.000;0.000;1.000
19/11/2009;04:58:00;0.230;0.000;245.780;0.800;0.000;0.000;0.000
19/11/2009;04:59:00;0.228;0.000;244.580;0.800;0.000;0.000;1.000
19/11/2009;05:00:00;0.228;0.000;244.070;0.800;0.000;0.000;1.000
29/3/2010;17:45:00;1.372;0.094;241.000;5.600;0.000;1.000;18.000
29/3/2010;17:46:00;1.406;0.116;241.630;5.800;0.000;1.000;19.000
29/3/2010;17:47:00;1.482;0.228;241.170;6.200;0.000;1.000;18.000
29/3/2010;17:48:00;1.478;0.228;241.080;6.200;0.000;2.000;19.000
29/3/2010;17:49:00;1.474;0.228;241.240;6.200;0.000;1.000;18.000
29/3/2010;17:50:00;1.472;0.228;241.090;6.000;0.000;1.000;19.000
29/3/2010;17:51:00;1.474;0.230;241.500;6.000;0.000;1.000;18.000
29/3/2010;17:52:00;1.470;0.228;241.200;6.000;0.000;1.000;19.000
29/3/2010;17:53:00;1.474;0.230;241.660;6.000;0.000;1.000;18.000
29/3/2010;17:54:00;1.478;0.232;242.010;6.000;0.000;1.000;19.000
29/3/2010;17:55:00;1.466;0.228;240.960;6.000;0.000;1.000;18.000
29/3/2010;17:56:00;1.462;0.226;240.760;6.000;0.000;1.000;19.000
29/3/2010;17:57:00;1.528;0.290;240.960;6.400;0.000;1.000;18.000
29/3/2010;17:58:00;1.474;0.210;240.750;6.200;0.000;1.000;19.000
29/3/2010;17:59:00;1.466;0.198;240.950;6.000;0.000;0.000;18.000
29/3/2010;18:27:00;0.666;0.102;238.140;2.800;0.000;0.000;0.000
29/3/2010;18:28:00;0.644;0.066;238.340;2.600;0.000;0.000;1.000
29/3/2010;18:29:00;0.578;0.000;237.940;2.400;0.000;0.000;1.000
29/3/2010;18:30:00;0.572;0.000;236.890;2.400;0.000;0.000;0.000
29/3/2010;18:31:00;0.576;0.000;237.070;2.400;0.000;0.000;1.000
29/3/2010;18:32:00;0.580;0.000;238.270;2.400;0.000;0.000;1.000
29/3/2010;18:33:00;0.572;0.000;236.930;2.400;0.000;0.000;0.000
29/3/2010;18:34:00;0.572;0.000;236.810;2.400;0.000;0.000;1.000
29/3/2010;18:35:00;0.578;0.000;237.210;2.400;0.000;0.000;0.000
29/3/2010;18:36:00;0.578;0.000;237.490;2.400;0.000;0.000;1.000
29/3/2010;18:37:00;0.582;0.000;237.510;2.400;0.000;0.000;1.000
29/3/2010;18:38:00;0.578;0.000;237.230;2.400;0.000;0.000;0.000
29/3/2010;18:39:00;0.582;0.000;237.740;2.400;0.000;0.000;1.000
29/3/2010;18:40:00;1.044;0.104;236.200;4.600;0.000;0.000;8.000
29/3/2010;18:41:00;1.152;0.130;236.160;4.800;0.000;0.000;10.000
29/3/2010;18:42:00;1.182;0.136;237.180;5.000;0.000;0.000;11.000
29/3/2010;18:43:00;1.196;0.134;237.070;5.000;0.000;0.000;11.000
29/3/2010;18:44:00;0.728;0.058;237.780;3.200;0.000;0.000;2.000
29/3/2010;18:45:00;0.690;0.104;238.560;2.800;0.000;0.000;1.000
29/3/2010;18:46:00;0.690;0.108;239.750;2.800;0.000;0.000;1.000
29/3/2010;18:47:00;0.764;0.196;239.340;3.200;0.000;0.000;0.000
29/3/2010;18:48:00;0.756;0.208;239.320;3.200;0.000;0.000;1.000
29/3/2010;18:49:00;0.754;0.206;238.880;3.200;0.000;0.000;1.000
29/3/2010;18:50:00;0.750;0.204;238.640;3.200;0.000;0.000;0.000
29/3/2010;18:51:00;0.744;0.204;238.120;3.200;0.000;0.000;1.000
29/3/2010;18:52:00;0.738;0.200;237.390;3.200;0.000;0.000;1.000
29/3/2010;18:53:00;0.738;0.202;237.850;3.200;0.000;0.000;0.000
29/3/2010;18:54:00;0.738;0.204;238.150;3.200;0.000;0.000;1.000
29/3/2010;21:18:00;2.436;0.088;237.230;10.200;0.000;0.000;18.000
29/3/2010;21:19:00;2.444;0.090;237.790;10.200;0.000;0.000;18.000
29/3/2010;21:20:00;2.438;0.090;237.440;10.200;0.000;0.000;17.000
29/3/2010;21:21:00;2.516;0.176;237.380;10.600;0.000;0.000;18.000
29/3/2010;21:22:00;2.512;0.190;237.460;10.600;0.000;0.000;18.000
29/3/2010;21:23:00;2.550;0.192;237.960;10.600;0.000;0.000;18.000
29/3/2010;21:24:00;2.536;0.190;237.850;10.600;0.000;0.000;18.000
29/3/2010;21:25:00;2.528;0.188;237.440;10.600;0.000;0.000;18.000
29/3/2010;21:26:00;2.470;0.102;237.690;10.400;0.000;0.000;18.000
29/3/2010;21:27:00;2.442;0.062;237.910;10.200;0.000;0.000;18.000
29/3/2010;21:28:00;2.444;0.062;237.900;10.200;0.000;0.000;18.000
29/3/2010;21:29:00;2.448;0.062;237.920;10.200;0.000;0.000;18.000
29/3/2010;21:30:00;2.352;0.062;237.630;9.800;0.000;0.000;18.000
29/3/2010;21:31:00;2.224;0.066;237.960;9.200;0.000;0.000;18.000
29/3/2010;21:32:00;2.786;0.234;237.920;11.600;0.000;0.000;27.000
29/3/2010;21:33:00;2.814;0.236;238.640;11.800;0.000;0.000;28.000
29/3/2010;21:34:00;2.822;0.214;238.340;11.800;0.000;0.000;28.000
29/3/2010;21:35:00;2.684;0.116;238.100;11.200;0.000;0.000;28.000
29/3/2010;21:36:00;2.138;0.000;238.830;8.800;0.000;0.000;18.000
29/3/2010;21:37:00;2.178;0.048;239.870;9.000;0.000;0.000;18.000
29/3/2010;21:38:00;2.188;0.048;240.370;9.000;0.000;0.000;19.000
29/3/2010;21:39:00;2.178;0.048;239.850;9.000;0.000;0.000;18.000
29/3/2010;21:40:00;2.178;0.048;239.800;9.000;0.000;0.000;18.000
29/3/2010;21:41:00;1.552;0.000;240.830;6.600;0.000;0.000;8.000
29/3/2010;21:42:00;1.230;0.092;240.990;5.000;0.000;0.000;0.000
29/3/2010;21:43:00;1.224;0.092;240.650;5.000;0.000;0.000;1.000
9/6/2010;03:52:00;0.292;0.090;241.320;1.200;0.000;0.000;1.000
9/6/2010;03:53:00;0.206;0.000;241.990;1.000;0.000;0.000;0.000
9/6/2010;03:54:00;0.200;0.000;242.020;0.800;0.000;0.000;1.000
9/6/2010;03:55:00;0.200;0.000;242.220;0.800;0.000;0.000;1.000
9/6/2010;03:56:00;0.200;0.000;241.980;0.800;0.000;0.000;0.000
9/6/2010;03:57:00;0.200;0.000;241.700;0.800;0.000;0.000;1.000
9/6/2010;03:58:00;0.200;0.000;242.240;0.800;0.000;0.000;1.000
9/6/2010;03:59:00;0.200;0.000;242.270;0.800;0.000;0.000;0.000
9/6/2010;04:00:00;0.200;0.000;242.260;0.800;0.000;0.000;1.000
9/6/2010;04:01:00;0.200;0.000;242.050;0.800;0.000;0.000;1.000
9/6/2010;04:02:00;0.200;0.000;241.470;1.000;0.000;0.000;0.000
9/6/2010;04:03:00;0.200;0.000;241.410;1.000;0.000;0.000;1.000
9/6/2010;04:04:00;0.200;0.000;241.510;1.000;0.000;0.000;1.000
9/6/2010;04:05:00;0.202;0.000;241.740;1.000;0.000;0.000;0.000
9/6/2010;04:06:00;0.200;0.000;241.700;1.000;0.000;0.000;1.000
9/6/2010;04:07:00;0.200;0.000;241.800;1.000;0.000;0.000;1.000
9/6/2010;04:08:00;0.202;0.000;242.050;1.000;0.000;0.000;0.000
9/6/2010;04:09:00;0.224;0.000;241.650;1.200;0.000;0.000;1.000
9/6/2010;04:10:00;0.282;0.064;242.640;1.200;0.000;0.000;0.000
9/6/2010;04:11:00;0.280;0.064;242.650;1.200;0.000;0.000;1.000
9/6/2010;04:12:00;0.280;0.064;242.520;1.200;0.000;0.000;1.000
9/6/2010;04:13:00;0.280;0.064;242.780;1.200;0.000;0.000;0.000
9/6/2010;04:14:00;0.312;0.092;242.820;1.400;0.000;0.000;1.000
9/6/2010;04:15:00;0.386;0.200;242.890;1.800;0.000;0.000;1.000
17/7/2010;01:04:00;1.538;0.434;239.570;6.800;0.000;2.000;3.000
17/7/2010;01:05:00;2.022;0.600;239.220;8.800;0.000;1.000;11.000
17/7/2010;01:06:00;2.040;0.594;239.340;8.800;0.000;2.000;12.000
17/7/2010;01:07:00;2.064;0.588;239.200;9.000;0.000;1.000;12.000
17/7/2010;01:08:00;2.068;0.584;239.310;9.000;0.000;1.000;13.000
17/7/2010;01:09:00;1.974;0.448;239.480;8.400;0.000;2.000;12.000
17/7/2010;01:10:00;1.016;0.314;240.590;4.400;0.000;1.000;3.000
17/7/2010;01:11:00;0.966;0.316;240.810;4.200;0.000;2.000;0.000
17/7/2010;01:12:00;0.966;0.316;240.740;4.200;0.000;1.000;1.000
17/7/2010;01:13:00;0.962;0.314;240.190;4.200;0.000;1.000;1.000
17/7/2010;01:14:00;0.958;0.312;240.150;4.200;0.000;2.000;0.000
17/7/2010;01:15:00;0.994;0.314;240.150;4.200;0.000;1.000;1.000
17/7/2010;01:16:00;0.990;0.314;240.360;4.200;0.000;1.000;1.000
17/7/2010;01:17:00;0.924;0.198;240.460;4.000;0.000;1.000;0.000
17/7/2010;01:18:00;0.912;0.180;240.430;3.800;0.000;2.000;1.000
17/7/2010;01:19:00;0.906;0.178;239.950;3.800;0.000;1.000;0.000
17/7/2010;01:20:00;0.902;0.176;239.170;3.800;0.000;1.000;1.000
17/7/2010;01:21:00;0.902;0.176;239.670;3.800;0.000;1.000;1.000
17/7/2010;01:22:00;0.902;0.176;239.750;3.800;0.000;2.000;0.000
17/7/2010;01:23:00;0.902;0.178;239.850;3.800;0.000;1.000;1.000
17/7/2010;01:24:00;0.898;0.178;239.850;3.800;0.000;1.000;1.000
17/7/2010;01:25:00;0.900;0.178;239.920;3.800;0.000;1.000;0.000
17/7/2010;01:26:00;0.848;0.102;239.890;3.600;0.000;1.000;1.000
17/7/2010;01:27:00;0.822;0.054;239.800;3.400;0.000;2.000;1.000
17/7/2010;01:28:00;0.764;0.000;239.970;3.200;0.000;0.000;0.000
21/9/2010;11:41:00;0.674;0.340;238.020;4.000;0.000;0.000;0.000
21/9/2010;11:42:00;0.256;0.068;238.720;1.000;0.000;0.000;1.000
21/9/2010;11:43:00;0.284;0.094;237.960;1.600;0.000;0.000;1.000
21/9/2010;11:44:00;1.158;0.660;236.670;6.000;0.000;0.000;0.000
21/9/2010;11:45:00;1.148;0.618;236.860;6.000;0.000;0.000;1.000
21/9/2010;11:46:00;1.140;0.614;237.290;6.000;0.000;0.000;0.000
21/9/2010;11:47:00;1.146;0.616;237.480;6.000;0.000;0.000;1.000
21/9/2010;11:48:00;1.942;0.744;236.630;9.600;0.000;0.000;1.000
21/9/2010;11:49:00;1.136;0.614;237.100;6.000;0.000;0.000;0.000
21/9/2010;11:50:00;0.512;0.198;237.780;3.000;0.000;0.000;1.000
21/9/2010;11:51:00;0.356;0.092;238.380;1.600;0.000;0.000;1.000
21/9/2010;11:52:00;0.356;0.092;238.510;1.600;0.000;0.000;0.000
21/9/2010;11:53:00;0.356;0.090;238.680;1.600;0.000;0.000;1.000
21/9/2010;11:54:00;0.356;0.090;238.680;1.400;0.000;0.000;0.000
21/9/2010;11:55:00;0.590;0.160;238.070;2.600;0.000;0.000;1.000
21/9/2010;11:56:00;0.542;0.220;238.550;2.400;0.000;0.000;1.000
21/9/2010;11:57:00;0.564;0.260;238.240;2.600;0.000;0.000;0.000
21/9/2010;11:58:00;0.562;0.250;237.930;2.600;0.000;0.000;1.000
21/9/2010;11:59:00;0.562;0.250;237.910;2.600;0.000;0.000;1.000
21/9/2010;12:00:00;0.560;0.252;238.030;2.600;0.000;0.000;0.000
8/11/2010;05:07:00;0.266;0.000;242.740;1.000;0.000;0.000;1.000
8/11/2010;05:08:00;0.266;0.000;242.550;1.000;0.000;0.000;0.000
8/11/2010;05:09:00;0.286;0.000;241.590;1.400;0.000;0.000;1.000
8/11/2010;05:10:00;0.372;0.086;241.690;1.600;0.000;0.000;1.000
8/11/2010;05:11:00;0.448;0.194;240.870;2.000;0.000;0.000;0.000
8/11/2010;05:12:00;0.446;0.192;240.570;2.000;0.000;0.000;1.000
8/11/2010;05:13:00;0.444;0.194;240.830;2.000;0.000;0.000;1.000
8/11/2010;05:14:00;0.444;0.202;242.510;2.000;0.000;0.000;0.000
8/11/2010;05:15:00;0.444;0.204;242.990;2.000;0.000;0.000;1.000
8/11/2010;05:16:00;0.438;0.198;242.000;2.000;0.000;0.000;0.000
8/11/2010;05:17:00;0.432;0.194;241.770;2.000;0.000;0.000;1.000
8/11/2010;05:18:00;0.366;0.098;243.350;1.600;0.000;0.000;1.000
8/11/2010;05:19:00;0.366;0.102;244.200;1.600;0.000;0.000;0.000
15/11/2010;15:31:00;0.276;0.064;238.250;1.200;0.000;0.000;0.000
15/11/2010;15:32:00;0.294;0.060;238.610;1.400;0.000;0.000;0.000
15/11/2010;15:33:00;0.356;0.000;238.960;1.600;0.000;0.000;0.000
15/11/2010;15:34:00;0.402;0.068;238.640;1.800;0.000;1.000;0.000
15/11/2010;15:35:00;0.380;0.066;239.230;1.600;0.000;0.000;0.000
15/11/2010;15:36:00;0.398;0.074;239.680;1.600;0.000;0.000;0.000
15/11/2010;15:37:00;0.378;0.068;239.450;1.600;0.000;0.000;0.000
15/11/2010;15:38:00;0.392;0.072;239.090;1.600;0.000;0.000;0.000
15/11/2010;15:39:00;0.368;0.066;238.570;1.600;0.000;0.000;0.000
15/11/2010;15:40:00;0.408;0.084;238.720;1.800;0.000;0.000;0.000
15/11/2010;15:41:00;0.442;0.166;238.930;2.000;0.000;0.000;0.000
15/11/2010;15:42:00;0.458;0.170;238.650;2.000;0.000;1.000;0.000
15/11/2010;15:43:00;0.438;0.164;238.410;2.000;0.000;0.000;0.000
15/11/2010;15:44:00;0.456;0.172;238.910;2.000;0.000;0.000;0.000
15/11/2010;15:45:00;0.450;0.172;239.630;2.000;0.000;0.000;0.000
15/11/2010;15:46:00;0.450;0.174;239.910;2.000;0.000;0.000;0.000
26/11/2010;20:44:00;0.982;0.102;238.690;4.000;0.000;1.000;0.000
26/11/2010;20:45:00;0.972;0.092;238.320;4.000;0.000;2.000;0.000
26/11/2010;20:46:00;0.908;0.000;238.530;3.800;0.000;1.000;0.000
26/11/2010;20:47:00;0.910;0.000;238.710;3.800;0.000;1.000;0.000
26/11/2010;20:48:00;0.912;0.000;239.250;3.800;0.000;1.000;0.000
26/11/2010;20:49:00;0.948;0.000;238.160;4.000;0.000;1.000;0.000
26/11/2010;20:50:00;1.198;0.128;238.110;5.000;0.000;1.000;0.000
26/11/2010;20:51:00;1.024;0.106;238.840;4.200;0.000;1.000;0.000
26/11/2010;20:52:00;0.946;0.000;239.050;4.000;0.000;0.000;0.000
26/11/2010;20:53:00;0.944;0.000;238.720;4.000;0.000;0.000;0.000
26/11/2010;20:54:00;0.946;0.000;239.310;4.000;0.000;0.000;0.000
26/11/2010;20:55:00;0.946;0.000;239.740;4.000;0.000;0.000;0.000
26/11/2010;20:56:00;0.942;0.000;239.410;4.000;0.000;0.000;0.000
26/11/2010;20:57:00;0.946;0.000;240.330;4.000;0.000;0.000;0.000
26/11/2010;20:58:00;0.946;0.000;240.430;4.000;0.000;0.000;0.000
26/11/2010;20:59:00;0.944;0.000;240.000;4.000;0.000;0.000;0.000
26/11/2010;21:00:00;0.938;0.000;239.820;3.800;0.000;0.000;0.000
26/11/2010;21:01:00;0.934;0.000;239.700;3.800;0.000;0.000;0.000
26/11/2010;21:02:00;0.932;0.000;239.550;3.800;0.000;0.000;0.000
4/11/2010;16:43:00;0.394;0.000;245.270;1.600;0.000;0.000;1.000
4/11/2010;16:44:00;0.410;0.000;244.830;1.800;0.000;0.000;1.000
4/11/2010;16:45:00;0.390;0.000;244.610;1.600;0.000;0.000;0.000
4/11/2010;16:46:00;0.416;0.000;245.700;1.800;0.000;1.000;1.000
4/11/2010;16:47:00;0.394;0.000;245.780;1.600;0.000;0.000;1.000
4/11/2010;16:48:00;0.416;0.000;246.030;1.800;0.000;0.000;0.000
4/11/2010;16:49:00;0.394;0.000;245.510;1.600;0.000;0.000;1.000
4/11/2010;16:50:00;0.414;0.000;245.860;1.800;0.000;0.000;1.000
4/11/2010;16:51:00;0.394;0.000;245.190;1.600;0.000;0.000;0.000
4/11/2010;16:52:00;0.410;0.000;244.740;1.600;0.000;1.000;1.000
4/11/2010;16:53:00;0.408;0.000;244.900;1.600;0.000;0.000;1.000
4/11/2010;16:54:00;0.392;0.000;243.860;1.600;0.000;0.000;0.000
4/11/2010;16:55:00;0.526;0.100;243.560;2.200;0.000;0.000;1.000
4/11/2010;16:56:00;0.498;0.104;244.450;2.000;0.000;0.000;1.000
4/11/2010;16:57:00;0.514;0.106;244.020;2.200;0.000;1.000;0.000
4/11/2010;16:58:00;0.494;0.104;244.540;2.000;0.000;0.000;1.000
4/11/2010;16:59:00;0.510;0.110;244.520;2.200;0.000;0.000;1.000
4/11/2010;17:00:00;0.526;0.130;244.020;2.200;0.000;0.000;0.000
4/11/2010;17:01:00;0.584;0.212;243.550;2.600;0.000;0.000;1.000
4/11/2010;17:02:00;0.566;0.210;244.310;2.400;0.000;0.000;1.000
4/11/2010;17:03:00;0.586;0.216;244.500;2.600;0.000;1.000;0.000
4/11/2010;17:04:00;0.562;0.206;243.530;2.400;0.000;0.000;1.000
4/11/2010;17:05:00;0.576;0.206;242.490;2.600;0.000;0.000;1.000
4/11/2010;17:06:00;0.558;0.202;242.930;2.400;0.000;0.000;0.000
4/11/2010;17:07:00;0.576;0.208;242.780;2.600;0.000;0.000;1.000
4/11/2010;17:08:00;0.546;0.196;241.190;2.400;0.000;0.000;1.000
4/11/2010;17:09:00;0.458;0.046;240.840;2.000;0.000;1.000;0.000
4/11/2010;17:10:00;0.386;0.000;241.860;1.600;0.000;0.000;1.000
4/11/2010;17:11:00;0.412;0.000;243.370;1.800;0.000;0.000;1.000
4/11/2010;17:12:00;0.394;0.000;244.150;1.600;0.000;0.000;0.000
4/11/2010;17:13:00;0.416;0.000;244.600;1.800;0.000;0.000;1.000
4/11/2010;17:14:00;0.396;0.000;244.920;1.600;0.000;0.000;1.000
4/11/2010;17:15:00;0.410;0.000;244.730;1.800;0.000;1.000;0.000
4/11/2010;17:16:00;0.388;0.000;244.620;1.600;0.000;0.000;1.000
4/11/2010;17:17:00;0.408;0.000;244.880;1.600;0.000;0.000;1.000
4/11/2010;17:18:00;0.390;0.000;245.350;1.600;0.000;0.000;0.000
4/11/2010;17:19:00;0.408;0.000;244.580;1.600;0.000;0.000;1.000
4/11/2010;17:20:00;0.388;0.000;244.520;1.600;0.000;0.000;1.000
4/11/2010;17:21:00;0.400;0.000;242.630;1.600;0.000;1.000;0.000
4/11/2010;17:22:00;0.388;0.000;242.320;1.600;0.000;0.000;1.000
4/11/2010;17:23:00;0.394;0.000;242.820;1.600;0.000;0.000;1.000
4/11/2010;17:24:00;0.402;0.000;242.840;1.600;0.000;0.000;0.000
4/11/2010;17:25:00;0.384;0.000;243.130;1.600;0.000;0.000;1.000
4/11/2010;17:26:00;0.400;0.000;242.130;1.600;0.000;1.000;1.000
4/11/2010;17:27:00;0.380;0.000;241.780;1.600;0.000;0.000;0.000
4/11/2010;17:28:00;0.466;0.000;241.750;2.000;0.000;0.000;1.000
4/11/2010;17:29:00;0.488;0.096;241.630;2.000;0.000;0.000;1.000
4/11/2010;17:30:00;0.814;0.094;241.050;3.400;0.000;0.000;0.000
4/11/2010;17:31:00;0.810;0.086;240.070;3.400;0.000;0.000;1.000
4/11/2010;17:32:00;0.830;0.090;240.250;3.400;0.000;1.000;0.000
4/11/2010;17:33:00;0.884;0.166;240.170;3.800;0.000;1.000;1.000
4/11/2010;17:34:00;0.914;0.214;240.650;3.800;0.000;1.000;1.000
4/11/2010;17:35:00;0.894;0.210;240.940;3.800;0.000;2.000;0.000
4/11/2010;17:36:00;0.908;0.210;240.040;3.800;0.000;1.000;1.000
4/11/2010;17:37:00;0.910;0.212;239.750;3.800;0.000;2.000;1.000
4/11/2010;17:38:00;0.988;0.314;240.320;4.200;0.000;1.000;0.000
4/11/2010;17:39:00;0.966;0.308;240.100;4.200;0.000;2.000;1.000
4/11/2010;17:40:00;0.986;0.312;239.960;4.200;0.000;2.000;1.000
4/11/2010;17:41:00;0.966;0.308;240.050;4.200;0.000;1.000;0.000
4/11/2010;17:42:00;0.938;0.248;239.970;4.000;0.000;2.000;1.000
4/11/2010;17:43:00;0.870;0.176;240.000;3.600;0.000;1.000;0.000
4/11/2010;17:44:00;0.886;0.178;239.490;3.800;0.000;2.000;1.000
4/11/2010;17:45:00;0.866;0.174;239.700;3.600;0.000;1.000;1.000
4/11/2010;17:46:00;0.860;0.138;241.020;3.600;0.000;2.000;0.000
4/11/2010;17:47:00;0.804;0.076;241.190;3.400;0.000;2.000;1.000
4/11/2010;17:48:00;0.824;0.082;241.550;3.400;0.000;1.000;1.000
4/11/2010;17:49:00;0.802;0.076;241.080;3.200;0.000;2.000;0.000
4/11/2010;17:50:00;0.822;0.082;241.270;3.400;0.000;1.000;1.000
4/11/2010;17:51:00;0.800;0.076;241.230;3.200;0.000;2.000;1.000
4/11/2010;17:52:00;0.816;0.080;240.760;3.400;0.000;1.000;0.000
4/11/2010;17:53:00;0.804;0.076;240.280;3.400;0.000;2.000;1.000
4/11/2010;17:54:00;0.796;0.074;239.340;3.200;0.000;1.000;1.000
4/11/2010;17:55:00;0.808;0.074;239.430;3.400;0.000;2.000;0.000
4/11/2010;17:56:00;0.786;0.070;239.070;3.200;0.000;1.000;1.000
4/11/2010;17:57:00;0.806;0.074;239.400;3.400;0.000;2.000;0.000
4/11/2010;17:58:00;0.788;0.072;239.960;3.200;0.000;1.000;1.000
4/11/2010;17:59:00;0.806;0.076;239.550;3.400;0.000;2.000;1.000
4/11/2010;18:00:00;0.784;0.070;239.140;3.200;0.000;1.000;0.000
4/11/2010;18:01:00;0.828;0.090;239.760;3.400;0.000;2.000;1.000
4/11/2010;18:02:00;0.894;0.202;239.700;3.800;0.000;1.000;1.000
4/11/2010;18:03:00;0.914;0.212;240.590;3.800;0.000;1.000;0.000
4/11/2010;18:04:00;0.884;0.200;239.000;3.800;0.000;2.000;1.000
4/11/2010;18:05:00;0.894;0.198;237.690;3.800;0.000;1.000;1.000
4/11/2010;18:06:00;0.878;0.200;238.910;3.800;0.000;1.000;0.000
4/11/2010;18:07:00;0.892;0.200;238.070;3.800;0.000;2.000;1.000
4/11/2010;18:08:00;0.874;0.198;238.730;3.800;0.000;1.000;0.000
4/11/2010;18:09:00;0.890;0.202;238.420;3.800;0.000;2.000;1.000
4/11/2010;18:10:00;0.868;0.196;237.970;3.600;0.000;1.000;1.000
4/11/2010;18:11:00;0.900;0.212;240.800;3.800;0.000;2.000;0.000
4/11/2010;18:12:00;0.874;0.202;239.520;3.600;0.000;1.000;1.000
4/11/2010;18:13:00;0.964;0.206;239.610;4.000;0.000;1.000;1.000
4/11/2010;18:14:00;1.126;0.200;240.080;4.800;0.000;1.000;0.000
4/11/2010;18:15:00;1.176;0.226;240.270;5.000;0.000;2.000;1.000
4/11/2010;18:16:00;1.110;0.172;240.440;4.600;0.000;1.000;1.000
4/11/2010;18:17:00;1.126;0.174;239.970;4.800;0.000;2.000;0.000
4/11/2010;18:18:00;1.108;0.172;240.280;4.600;0.000;1.000;1.000
4/11/2010;18:19:00;1.122;0.174;239.540;4.600;0.000;1.000;1.000
4/11/2010;18:20:00;1.100;0.168;239.290;4.600;0.000;2.000;0.000
4/11/2010;18:21:00;1.120;0.174;239.610;4.600;0.000;1.000;1.000
4/11/2010;18:22:00;1.102;0.168;239.550;4.600;0.000;1.000;0.000
4/11/2010;18:23:00;1.122;0.174;239.970;4.600;0.000;2.000;1.000
4/11/2010;18:24:00;1.110;0.090;239.590;4.600;0.000;1.000;1.000
4/11/2010;18:25:00;1.092;0.066;239.640;4.600;0.000;2.000;0.000
4/11/2010;18:26:00;1.110;0.070;239.890;4.600;0.000;1.000;1.000
4/11/2010;18:27:00;1.098;0.070;241.050;4.600;0.000;1.000;1.000
4/11/2010;18:28:00;1.112;0.072;240.220;4.600;0.000;2.000;0.000
4/11/2010;18:29:00;1.090;0.066;239.890;4.400;0.000;1.000;1.000
4/11/2010;18:30:00;1.110;0.072;239.900;4.600;0.000;1.000;1.000
4/11/2010;18:31:00;1.094;0.068;240.400;4.600;0.000;2.000;0.000
4/11/2010;18:32:00;1.122;0.072;240.740;4.600;0.000;1.000;1.000
4/11/2010;18:33:00;1.098;0.070;241.110;4.600;0.000;1.000;0.000
4/11/2010;18:34:00;1.114;0.074;240.860;4.600;0.000;2.000;1.000
4/11/2010;18:35:00;1.150;0.122;241.300;4.800;0.000;1.000;1.000
4/11/2010;18:36:00;1.218;0.202;239.750;5.200;0.000;2.000;0.000
4/11/2010;18:37:00;1.198;0.202;240.370;5.000;0.000;1.000;1.000
4/11/2010;18:38:00;1.516;0.350;240.430;6.600;0.000;1.000;5.000
4/11/2010;18:39:00;1.778;0.470;239.830;7.600;0.000;2.000;10.000
4/11/2010;18:40:00;1.834;0.476;239.960;7.800;0.000;1.000;11.000
4/11/2010;18:41:00;1.844;0.472;240.090;7.800;0.000;1.000;12.000
4/11/2010;18:42:00;1.870;0.476;240.110;8.000;0.000;2.000;11.000
4/11/2010;18:43:00;1.840;0.472;240.110;7.800;0.000;1.000;12.000
4/11/2010;18:44:00;1.852;0.468;239.390;8.000;0.000;1.000;12.000
4/11/2010;18:45:00;1.914;0.458;238.500;8.200;0.000;2.000;11.000
4/11/2010;18:46:00;2.070;0.460;239.330;8.800;0.000;1.000;12.000
4/11/2010;18:47:00;5.202;0.624;236.310;22.200;42.000;1.000;11.000
4/11/2010;18:48:00;5.208;0.632;236.000;22.200;47.000;2.000;12.000
4/11/2010;18:49:00;5.034;0.510;236.560;21.400;48.000;1.000;10.000
4/11/2010;18:50:00;4.486;0.254;237.160;19.000;48.000;1.000;1.000
4/11/2010;18:51:00;4.478;0.252;237.200;19.000;47.000;2.000;0.000
4/11/2010;18:52:00;3.988;0.368;237.240;17.000;42.000;1.000;1.000
4/11/2010;18:53:00;1.804;0.392;239.990;7.600;3.000;1.000;1.000
4/11/2010;18:54:00;1.988;0.388;239.540;9.000;5.000;2.000;0.000
4/11/2010;18:55:00;3.098;0.368;237.580;14.000;22.000;1.000;1.000
4/11/2010;18:56:00;2.868;0.368;238.360;13.000;20.000;1.000;1.000
4/11/2010;18:57:00;2.348;0.376;239.290;10.800;13.000;2.000;0.000
4/11/2010;18:58:00;2.284;0.374;239.490;10.400;9.000;1.000;1.000
4/11/2010;18:59:00;3.182;0.368;238.630;14.200;24.000;2.000;0.000
4/11/2010;19:00:00;2.920;0.366;239.330;13.200;20.000;1.000;1.000
4/11/2010;19:01:00;2.518;0.380;239.370;11.400;14.000;1.000;1.000
4/11/2010;19:02:00;2.462;0.358;239.630;11.400;14.000;1.000;0.000
4/11/2010;23:33:00;0.442;0.200;247.190;2.000;0.000;1.000;1.000
4/11/2010;23:34:00;0.444;0.206;248.030;2.000;0.000;1.000;1.000
4/11/2010;23:35:00;0.444;0.204;247.680;2.000;0.000;2.000;0.000
4/11/2010;23:36:00;0.442;0.200;247.090;2.000;0.000;1.000;1.000
4/11/2010;23:37:00;0.394;0.114;246.760;1.600;0.000;0.000;1.000
4/11/2010;23:38:00;0.368;0.070;246.510;1.400;0.000;0.000;0.000
4/11/2010;23:39:00;0.368;0.072;247.430;1.400;0.000;0.000;1.000
4/11/2010;23:40:00;0.486;0.210;247.090;2.200;0.000;0.000;1.000
4/11/2010;23:41:00;0.474;0.216;247.160;2.000;0.000;0.000;1.000
4/11/2010;23:42:00;0.434;0.162;247.280;1.800;0.000;0.000;0.000
4/11/2010;23:43:00;0.398;0.108;247.600;1.600;0.000;0.000;1.000
4/11/2010;23:44:00;0.394;0.106;247.180;1.600;0.000;0.000;1.000
4/11/2010;23:45:00;0.392;0.104;246.590;1.600;0.000;0.000;0.000
4/11/2010;23:46:00;0.392;0.108;247.220;1.600;0.000;0.000;1.000
4/11/2010;23:47:00;0.392;0.112;247.790;1.600;0.000;0.000;1.000
4/11/2010;23:48:00;0.392;0.114;248.210;1.600;0.000;0.000;0.000
4/11/2010;23:49:00;0.390;0.114;248.150;1.600;0.000;0.000;1.000
4/11/2010;23:50:00;0.388;0.114;247.830;1.600;0.000;0.000;1.000
4/11/2010;23:51:00;0.388;0.114;247.970;1.600;0.000;0.000;0.000
4/11/2010;23:52:00;0.388;0.114;247.780;1.600;0.000;0.000;1.000
4/11/2010;23:53:00;0.388;0.118;248.580;1.600;0.000;0.000;1.000
4/11/2010;23:54:00;0.366;0.086;249.070;1.600;0.000;0.000;0.000
4/11/2010;23:55:00;0.294;0.000;249.160;1.200;0.000;0.000;1.000
4/11/2010;23:56:00;0.292;0.000;249.030;1.200;0.000;0.000;1.000
4/11/2010;23:57:00;0.290;0.000;248.010;1.200;0.000;0.000;0.000
4/11/2010;23:58:00;0.288;0.000;247.650;1.200;0.000;0.000;1.000
4/11/2010;23:59:00;0.288;0.000;247.840;1.200;0.000;0.000;1.000
5/11/2010;00:00:00;0.288;0.000;247.890;1.200;0.000;0.000;0.000
5/11/2010;00:01:00;0.288;0.000;248.250;1.200;0.000;0.000;1.000
5/11/2010;00:02:00;0.288;0.000;248.010;1.200;0.000;0.000;1.000
5/11/2010;00:03:00;0.288;0.000;247.920;1.200;0.000;0.000;0.000
5/11/2010;00:04:00;0.288;0.000;247.970;1.200;0.000;0.000;1.000
5/11/2010;00:05:00;0.288;0.000;248.280;1.200;0.000;0.000;1.000
5/11/2010;00:06:00;0.358;0.046;248.220;1.600;0.000;0.000;1.000
5/11/2010;00:07:00;0.368;0.084;249.040;1.600;0.000;0.000;0.000
5/11/2010;00:08:00;0.370;0.088;249.620;1.600;0.000;0.000;1.000
5/11/2010;00:09:00;0.370;0.090;250.060;1.600;0.000;0.000;1.000
5/11/2010;00:10:00;0.454;0.086;249.800;1.800;0.000;0.000;0.000
5/11/2010;00:11:00;0.582;0.084;249.810;2.400;0.000;0.000;1.000
5/11/2010;00:12:00;0.364;0.086;249.380;1.400;0.000;0.000;1.000
5/11/2010;00:13:00;0.370;0.084;248.970;1.600;0.000;0.000;0.000
5/11/2010;00:14:00;0.498;0.230;248.700;2.200;0.000;0.000;1.000
5/11/2010;00:15:00;0.456;0.186;248.560;2.000;0.000;0.000;1.000
5/11/2010;00:16:00;0.408;0.116;248.580;1.800;0.000;0.000;0.000
5/11/2010;00:17:00;0.406;0.116;248.550;1.600;0.000;0.000;1.000
5/11/2010;00:18:00;0.408;0.112;248.050;1.800;0.000;0.000;1.000
5/11/2010;00:19:00;0.402;0.112;247.830;1.600;0.000;0.000;0.000
6/2/2010;06:30:00;0.326;0.064;242.680;1.400;0.000;0.000;1.000
6/2/2010;06:31:00;0.364;0.000;243.040;1.400;0.000;0.000;1.000
6/2/2010;06:32:00;1.116;0.000;242.280;4.800;0.000;0.000;0.000
6/2/2010;06:33:00;1.362;0.000;242.380;5.600;0.000;0.000;1.000
6/2/2010;06:34:00;1.494;0.000;242.050;6.200;0.000;0.000;1.000
6/2/2010;06:35:00;3.240;0.000;241.100;13.600;0.000;0.000;4.000
6/2/2010;06:36:00;3.602;0.000;242.150;15.000;0.000;0.000;19.000
6/2/2010;06:37:00;3.664;0.000;243.270;15.200;0.000;0.000;20.000
6/2/2010;06:38:00;3.188;0.000;243.220;13.400;0.000;0.000;19.000
6/2/2010;06:39:00;3.450;0.000;242.710;14.200;0.000;0.000;19.000
6/2/2010;06:40:00;3.862;0.000;241.160;16.200;0.000;0.000;18.000
6/2/2010;06:41:00;2.962;0.000;242.900;12.400;0.000;0.000;19.000
6/2/2010;06:42:00;3.394;0.000;241.780;14.200;0.000;0.000;19.000
6/2/2010;06:43:00;3.400;0.000;242.360;14.200;0.000;0.000;18.000
6/2/2010;06:44:00;2.422;0.000;243.410;10.000;0.000;0.000;19.000
6/2/2010;06:45:00;2.576;0.100;243.330;10.600;0.000;0.000;19.000
6/2/2010;06:46:00;2.372;0.104;243.550;9.800;0.000;0.000;19.000
6/2/2010;06:47:00;1.984;0.110;243.940;8.000;0.000;0.000;19.000
6/2/2010;06:48:00;1.968;0.108;242.920;8.000;0.000;0.000;19.000
6/2/2010;06:49:00;1.966;0.108;242.920;8.000;0.000;0.000;18.000
6/2/2010;06:50:00;1.960;0.106;242.620;8.000;0.000;0.000;19.000
6/2/2010;06:51:00;1.966;0.108;243.100;8.000;0.000;0.000;19.000
6/2/2010;06:52:00;2.144;0.176;242.170;8.800;0.000;0.000;21.000
6/2/2010;06:53:00;2.482;0.286;240.990;10.200;0.000;0.000;28.000
6/2/2010;06:54:00;2.502;0.284;240.900;10.400;0.000;0.000;28.000
6/2/2010;06:55:00;2.524;0.282;240.790;10.400;0.000;0.000;28.000
6/2/2010;06:56:00;2.526;0.280;240.610;10.400;0.000;0.000;29.000
6/2/2010;06:57:00;1.920;0.050;240.830;8.000;0.000;0.000;19.000
6/2/2010;06:58:00;1.920;0.052;241.230;8.000;0.000;0.000;19.000
6/2/2010;06:59:00;1.964;0.132;240.870;8.000;0.000;0.000;18.000
6/2/2010;07:00:00;1.960;0.132;240.610;8.000;0.000;0.000;19.000
6/2/2010;07:01:00;1.970;0.132;240.240;8.200;0.000;0.000;18.000
6/2/2010;07:02:00;2.028;0.132;240.800;8.400;0.000;0.000;18.000
6/2/2010;07:03:00;2.028;0.132;240.950;8.400;0.000;0.000;19.000
6/2/2010;07:04:00;2.054;0.136;242.360;8.400;0.000;0.000;18.000
6/2/2010;07:05:00;2.056;0.134;241.710;8.400;0.000;0.000;19.000
6/2/2010;07:06:00;2.216;0.132;241.680;9.200;0.000;0.000;19.000
6/2/2010;07:07:00;2.196;0.130;240.860;9.000;0.000;0.000;18.000
6/2/2010;07:08:00;2.194;0.132;241.150;9.000;0.000;0.000;18.000
6/2/2010;07:09:00;2.184;0.130;240.650;9.000;0.000;0.000;19.000
6/2/2010;07:10:00;2.188;0.130;240.590;9.000;0.000;0.000;18.000
6/2/2010;07:11:00;2.174;0.126;239.600;9.000;0.000;0.000;19.000
6/2/2010;07:12:00;2.224;0.126;239.750;9.200;0.000;0.000;18.000
6/2/2010;07:13:00;2.236;0.126;239.540;9.200;0.000;0.000;18.000
6/2/2010;07:14:00;2.232;0.124;239.300;9.200;0.000;0.000;18.000
6/2/2010;07:15:00;2.154;0.000;239.230;9.000;0.000;0.000;18.000
6/2/2010;07:16:00;2.152;0.000;239.930;9.000;0.000;0.000;19.000
6/2/2010;07:17:00;2.142;0.000;239.750;8.800;0.000;0.000;18.000
6/2/2010;07:18:00;2.146;0.000;240.320;8.800;0.000;0.000;18.000
6/2/2010;07:19:00;2.170;0.000;241.580;9.000;0.000;0.000;19.000
6/2/2010;07:20:00;2.170;0.000;241.670;9.000;0.000;0.000;18.000
6/2/2010;07:21:00;2.160;0.000;241.000;8.800;0.000;0.000;19.000
6/2/2010;07:22:00;2.152;0.000;240.550;8.800;0.000;0.000;18.000
6/2/2010;07:23:00;2.146;0.000;240.590;8.800;0.000;0.000;19.000
6/2/2010;07:24:00;2.130;0.000;239.440;8.800;0.000;0.000;18.000
6/2/2010;07:25:00;2.150;0.000;240.120;8.800;0.000;0.000;18.000
6/2/2010;07:26:00;2.194;0.000;239.930;9.200;0.000;0.000;19.000
6/2/2010;07:27:00;2.944;0.000;239.550;12.200;0.000;0.000;18.000
6/2/2010;07:28:00;2.952;0.000;239.930;12.200;0.000;0.000;18.000
